vx: 0.1, 1.1, 2.1, 3.1, 4.1, 5.1, 6.1, 7.1, 8.1, 9.1
alat: 0, 0.431745, 0.863491, 1.29524, 1.72698, 2.15873, 2.59047, 3.02222, 3.45396, 3.88571
delta: 0, 0.45, 0.45, 0.45, 0.45, 0.45, 0.45, 0.45, 0.45, 0.45, 0, 0.137, 0.271, 0.403, 0.45, 0.45, 0.45, 0.45, 0.45, 0.45, 0, 0.049, 0.099, 0.149, 0.201, 0.256, 0.406, 0.431, 0.45, 0.45, 0, 0.031, 0.063, 0.095, 0.128, 0.164, 0.201, 0.244, 0.297, 0.375, 0, 0.025, 0.049, 0.075, 0.101, 0.13, 0.161, 0.195, 0.238, 0.294, 0, 0.022, 0.043, 0.066, 0.089, 0.115, 0.141, 0.173, 0.199, 0.199, 0, 0.02, 0.04, 0.061, 0.083, 0.105, 0.132, 0.16, 0.194, 0.199, 0, 0.019, 0.038, 0.058, 0.079, 0.1, 0.125, 0.152, 0.186, 0.199, 0, 0.018, 0.037, 0.056, 0.076, 0.097, 0.121, 0.147, 0.15, 0.15, 0, 0.018, 0.036, 0.054, 0.074, 0.094, 0.118, 0.144, 0.15, 0.15
