B_r: 10.3991
C_r: 0.106446
D_r: 5.54898
E_r: 1.1
B_f: 2.46812
C_f: 0.120134
D_f: 5.98974
E_f: 1.1
lr: 0.25
lf: 0.25
h_cg: 0.1
mass: 3
g: 9.81
mu: 1
Iz: 0.75
