B_r: 11.0376
C_r: 0.10477
D_r: 5.71451
E_r: 1.1
B_f: 2.80061
C_f: 0.116956
D_f: 6.00853
E_f: 1.1
lr: 0.17
lf: 0.17
h_cg: 0.05
mass: 3.2
g: 9.81
mu: 1
Iz: 0.128
